{
  "advancedEditorSelectedIdentifier" : "ProjectBrowser",
  "openSceneRelativePaths" : [
    "Immersive.usda"
  ],
  "recentIdentifiers" : {
    "AF09ED6F-1707-48FD-8720-65B998362C09" : [

    ]
  },
  "sceneCameraHistory" : {
    "AF09ED6F-1707-48FD-8720-65B998362C09" : [
      {
        "date" : 742046914.447967,
        "title" : "Untitled",
        "transform" : [
          0.9999936,
          -1.6353089e-09,
          -0.0035791046,
          0,
          -0.0007954266,
          0.9749915,
          -0.2222408,
          0,
          0.003489597,
          0.22224224,
          0.97498524,
          0,
          0.0011173554,
          0.18284582,
          0.33755144,
          1
        ]
      },
      {
        "date" : 742045845.58947,
        "title" : "Untitled",
        "transform" : [
          0.9999936,
          -1.603137e-09,
          -0.0035791048,
          0,
          -0.0007954267,
          0.9749915,
          -0.2222408,
          0,
          0.0034895972,
          0.22224224,
          0.97498524,
          0,
          0.0049744956,
          0.374326,
          0.42497864,
          1
        ]
      },
      {
        "date" : 742045728.254827,
        "title" : "Untitled",
        "transform" : [
          0.9999936,
          -1.603137e-09,
          -0.0035791048,
          0,
          -0.0007954267,
          0.9749915,
          -0.2222408,
          0,
          0.0034895972,
          0.22224224,
          0.97498524,
          0,
          0.0015858237,
          0.2360655,
          0.45650652,
          1
        ]
      },
      {
        "date" : 742045508.519962,
        "title" : "Untitled",
        "transform" : [
          0.9999936,
          -1.603137e-09,
          -0.0035791048,
          0,
          -0.0007954267,
          0.9749915,
          -0.2222408,
          0,
          0.0034895972,
          0.22224224,
          0.97498524,
          0,
          0.0010128896,
          0.20497134,
          0.2915776,
          1
        ]
      },
      {
        "date" : 742045505.927494,
        "title" : "Untitled",
        "transform" : [
          0.9999936,
          -1.603137e-09,
          -0.0035791048,
          0,
          -0.0007954267,
          0.9749915,
          -0.2222408,
          0,
          0.0034895972,
          0.22224224,
          0.97498524,
          0,
          0.0010018112,
          0.2043701,
          0.28838852,
          1
        ]
      },
      {
        "date" : 742045363.385267,
        "title" : "Untitled",
        "transform" : [
          0.9999936,
          -1.6000687e-09,
          -0.003579105,
          0,
          -0.0007954267,
          0.9749915,
          -0.2222408,
          0,
          0.0034895975,
          0.22224224,
          0.97498524,
          0,
          0.0012035636,
          0.1849231,
          0.35078314,
          1
        ]
      },
      {
        "date" : 742045358.336097,
        "title" : "Untitled",
        "transform" : [
          0.703596,
          8.0390326e-09,
          0.7106002,
          0,
          0.4105484,
          0.8162147,
          -0.40650174,
          0,
          -0.58000225,
          0.5777488,
          0.5742854,
          0,
          -0.22780141,
          0.32686108,
          0.22620137,
          1
        ]
      },
      {
        "date" : 742045354.275909,
        "title" : "Untitled",
        "transform" : [
          0.9998507,
          -8.902698e-09,
          0.017280681,
          0,
          0.001500101,
          0.9962251,
          -0.0867945,
          0,
          -0.017215448,
          0.08680747,
          0.99607635,
          0,
          -0.005873213,
          0.1406533,
          0.3663585,
          1
        ]
      },
      {
        "date" : 742045347.635666,
        "title" : "Untitled",
        "transform" : [
          0.99985063,
          -8.887732e-09,
          0.01728068,
          0,
          0.0015001078,
          0.996225,
          -0.086794496,
          0,
          -0.01721544,
          0.086807474,
          0.9960762,
          0,
          -0.010876423,
          0.15415132,
          0.29713267,
          1
        ]
      },
      {
        "date" : 742045341.55221,
        "title" : "Untitled",
        "transform" : [
          0.97870004,
          1.4915831e-09,
          -0.20529523,
          0,
          -0.066637024,
          0.9458544,
          -0.31767738,
          0,
          0.19417943,
          0.32459116,
          0.9257079,
          0,
          0.08359751,
          0.21599129,
          0.36466163,
          1
        ]
      }
    ]
  },
  "sceneViewportBackgroundColors" : {

  }
}