{
  "advancedEditorSelectedIdentifier" : "ProjectBrowser",
  "openSceneRelativePaths" : [
    "Immersive.usda"
  ],
  "recentIdentifiers" : {
    "AF09ED6F-1707-48FD-8720-65B998362C09" : [

    ]
  },
  "sceneCameraHistory" : {
    "AF09ED6F-1707-48FD-8720-65B998362C09" : [
      {
        "date" : 742316603.499641,
        "title" : "Untitled",
        "transform" : [
          0.80578625,
          -1.6918118e-08,
          -0.5922064,
          0,
          -0.36983806,
          0.7810178,
          -0.50322056,
          0,
          0.46252382,
          0.6245087,
          0.6293334,
          0,
          0.13164534,
          0.13405237,
          0.18113662,
          1
        ]
      },
      {
        "date" : 742314831.06339,
        "title" : "Untitled",
        "transform" : [
          0.80578625,
          -1.6918118e-08,
          -0.5922064,
          0,
          -0.36983806,
          0.7810178,
          -0.50322056,
          0,
          0.46252382,
          0.6245087,
          0.6293334,
          0,
          0.18990055,
          0.17891312,
          0.26766214,
          1
        ]
      },
      {
        "date" : 742314829.413861,
        "title" : "Untitled",
        "transform" : [
          0.80578625,
          -1.6918118e-08,
          -0.5922064,
          0,
          -0.3698381,
          0.7810179,
          -0.5032206,
          0,
          0.46252382,
          0.6245087,
          0.6293334,
          0,
          0.16924515,
          0.21418083,
          0.24784541,
          1
        ]
      },
      {
        "date" : 742314825.853391,
        "title" : "Untitled",
        "transform" : [
          0.8379688,
          -2.7732595e-08,
          -0.545718,
          0,
          -0.17660195,
          0.9461893,
          -0.27117842,
          0,
          0.5163525,
          0.3236139,
          0.7928771,
          0,
          0.19046158,
          0.07471466,
          0.31151813,
          1
        ]
      },
      {
        "date" : 742314511.508154,
        "title" : "Untitled",
        "transform" : [
          0.8379688,
          -2.9308268e-08,
          -0.545718,
          0,
          -0.17660199,
          0.9461893,
          -0.2711784,
          0,
          0.51635253,
          0.32361397,
          0.792877,
          0,
          0.20179912,
          1.6619353,
          -0.2063784,
          1
        ]
      },
      {
        "date" : 742314501.009649,
        "title" : "Untitled",
        "transform" : [
          0.73449874,
          -2.0300394e-08,
          0.67861015,
          0,
          0.31536886,
          0.8854537,
          -0.3413419,
          0,
          -0.6008777,
          0.4647277,
          0.6503646,
          0,
          -0.22053598,
          1.7096465,
          -0.25480503,
          1
        ]
      },
      {
        "date" : 742314486.694395,
        "title" : "Untitled",
        "transform" : [
          0.7482567,
          -2.0664714e-08,
          0.66340935,
          0,
          0.16936739,
          0.9668623,
          -0.19102885,
          0,
          -0.64142543,
          0.25529853,
          0.7234612,
          0,
          -0.24442248,
          1.6016318,
          -0.21431145,
          1
        ]
      },
      {
        "date" : 742314431.842912,
        "title" : "Untitled",
        "transform" : [
          0.7482567,
          -1.3764065e-09,
          0.66340935,
          0,
          0.5060632,
          0.64660865,
          -0.57078665,
          0,
          -0.42896616,
          0.762822,
          0.48382923,
          0,
          -0.10063048,
          1.7599742,
          -0.35425264,
          1
        ]
      },
      {
        "date" : 742314429.387263,
        "title" : "Untitled",
        "transform" : [
          0.7482567,
          -1.3764065e-09,
          0.66340935,
          0,
          0.5060632,
          0.64660865,
          -0.57078665,
          0,
          -0.42896616,
          0.762822,
          0.48382923,
          0,
          -0.13577892,
          1.7323759,
          -0.34190276,
          1
        ]
      },
      {
        "date" : 742313413.476297,
        "title" : "Untitled",
        "transform" : [
          0.7482567,
          -2.0564167e-08,
          0.66340935,
          0,
          0.5060632,
          0.64660865,
          -0.5707866,
          0,
          -0.4289662,
          0.7628219,
          0.48382923,
          0,
          -0.12109772,
          0.14102924,
          0.14179,
          1
        ]
      }
    ]
  },
  "sceneViewportBackgroundColors" : {

  }
}