{
  "advancedEditorSelectedIdentifier" : "ProjectBrowser",
  "openSceneRelativePaths" : [
    "Immersive.usda"
  ],
  "recentIdentifiers" : {
    "AF09ED6F-1707-48FD-8720-65B998362C09" : [

    ]
  },
  "sceneCameraHistory" : {
    "AF09ED6F-1707-48FD-8720-65B998362C09" : [
      {
        "date" : 742322533.928421,
        "title" : "Untitled",
        "transform" : [
          0.98811823,
          -5.314298e-09,
          0.15369551,
          0,
          0.046350494,
          0.953443,
          -0.29799017,
          0,
          -0.14653991,
          0.3015734,
          0.9421144,
          0,
          -0.27587643,
          1.1083252,
          0.8006711,
          1
        ]
      },
      {
        "date" : 742322526.629538,
        "title" : "Untitled",
        "transform" : [
          0.98811823,
          -5.314298e-09,
          0.15369551,
          0,
          0.046350494,
          0.953443,
          -0.29799017,
          0,
          -0.14653991,
          0.3015734,
          0.9421144,
          0,
          -0.30900094,
          0.8690995,
          0.46729565,
          1
        ]
      },
      {
        "date" : 742322524.660205,
        "title" : "Untitled",
        "transform" : [
          0.98811823,
          -5.314298e-09,
          0.15369551,
          0,
          0.046350494,
          0.953443,
          -0.29799017,
          0,
          -0.14653991,
          0.3015734,
          0.9421144,
          0,
          -0.2305109,
          0.9214431,
          0.46274877,
          1
        ]
      },
      {
        "date" : 742322515.965316,
        "title" : "Untitled",
        "transform" : [
          0.9679643,
          -5.762223e-09,
          -0.25108787,
          0,
          -0.08750827,
          0.93730265,
          -0.3373516,
          0,
          0.23534532,
          0.34851655,
          0.9072755,
          0,
          0.2747339,
          1.0176985,
          0.54976356,
          1
        ]
      },
      {
        "date" : 742322333.258624,
        "title" : "Untitled",
        "transform" : [
          0.9679643,
          1.0308342e-09,
          -0.25108784,
          0,
          -0.087508254,
          0.9373026,
          -0.33735153,
          0,
          0.2353453,
          0.34851643,
          0.90727556,
          0,
          -0.18682458,
          0.9301631,
          -0.12827367,
          1
        ]
      },
      {
        "date" : 742321913.331108,
        "title" : "Untitled",
        "transform" : [
          0.9679643,
          1.0308342e-09,
          -0.25108784,
          0,
          -0.087508254,
          0.9373026,
          -0.33735153,
          0,
          0.2353453,
          0.34851643,
          0.90727556,
          0,
          -0.24441029,
          0.87600416,
          -0.09253168,
          1
        ]
      },
      {
        "date" : 742321833.070824,
        "title" : "Untitled",
        "transform" : [
          0.9679642,
          1.0308341e-09,
          -0.2510878,
          0,
          -0.087508254,
          0.9373026,
          -0.33735153,
          0,
          0.23534527,
          0.3485164,
          0.90727544,
          0,
          -0.28061038,
          0.8803371,
          -0.084805846,
          1
        ]
      },
      {
        "date" : 742321828.913642,
        "title" : "Untitled",
        "transform" : [
          0.98662037,
          -6.6498496e-09,
          -0.16303484,
          0,
          -0.15762536,
          0.25545824,
          -0.95388436,
          0,
          0.041648574,
          0.96682006,
          0.2520403,
          0,
          0.078871846,
          1.3311207,
          0.33561292,
          1
        ]
      },
      {
        "date" : 742320928.350822,
        "title" : "Untitled",
        "transform" : [
          0.98662037,
          -6.6498496e-09,
          -0.16303484,
          0,
          -0.15762536,
          0.25545824,
          -0.95388436,
          0,
          0.041648574,
          0.96682006,
          0.2520403,
          0,
          0.051311985,
          0.69135225,
          0.1688317,
          1
        ]
      },
      {
        "date" : 742319710.927646,
        "title" : "Untitled",
        "transform" : [
          0.98662037,
          -6.6498496e-09,
          -0.16303484,
          0,
          -0.15762536,
          0.25545824,
          -0.95388436,
          0,
          0.041648574,
          0.96682006,
          0.2520403,
          0,
          0.05791223,
          0.87071663,
          0.2283269,
          1
        ]
      }
    ]
  },
  "sceneViewportBackgroundColors" : {

  }
}