{
  "advancedEditorSelectedIdentifier" : "ProjectBrowser",
  "openSceneRelativePaths" : [
    "Immersive.usda"
  ],
  "recentIdentifiers" : {
    "AF09ED6F-1707-48FD-8720-65B998362C09" : [

    ]
  },
  "sceneCameraHistory" : {
    "AF09ED6F-1707-48FD-8720-65B998362C09" : [
      {
        "date" : 742225725.808196,
        "title" : "Untitled",
        "transform" : [
          0.9966302,
          2.393061e-08,
          0.082026854,
          0,
          0.08037321,
          0.19978136,
          -0.9765386,
          0,
          -0.016387438,
          0.97984046,
          0.19910829,
          0,
          -0.046341524,
          0.49493733,
          0.19446838,
          1
        ]
      },
      {
        "date" : 742225720.741891,
        "title" : "Untitled",
        "transform" : [
          0.95727086,
          2.4517533e-08,
          0.28919315,
          0,
          0.28445673,
          0.18024313,
          -0.9415927,
          0,
          -0.052125107,
          0.98362213,
          0.17254163,
          0,
          -0.06413368,
          0.5026711,
          0.15450118,
          1
        ]
      },
      {
        "date" : 742225671.291023,
        "title" : "Untitled",
        "transform" : [
          0.95727086,
          2.4517533e-08,
          0.28919315,
          0,
          0.28445673,
          0.18024313,
          -0.9415927,
          0,
          -0.052125107,
          0.98362213,
          0.17254163,
          0,
          -0.07133787,
          0.49974668,
          0.16899626,
          1
        ]
      },
      {
        "date" : 742225663.947719,
        "title" : "Untitled",
        "transform" : [
          0.99808097,
          2.1315653e-08,
          -0.061922554,
          0,
          -0.05818278,
          0.34225968,
          -0.93780226,
          0,
          0.021193605,
          0.9396054,
          0.34160298,
          0,
          0.013087869,
          0.46345845,
          0.26712364,
          1
        ]
      },
      {
        "date" : 742225659.973678,
        "title" : "Untitled",
        "transform" : [
          0.99841505,
          2.1315653e-08,
          0.056278914,
          0,
          0.05287996,
          0.34225968,
          -0.9381162,
          0,
          -0.019262005,
          0.9396054,
          0.34171733,
          0,
          -0.0496756,
          0.4750583,
          0.2524956,
          1
        ]
      },
      {
        "date" : 742225655.340738,
        "title" : "Untitled",
        "transform" : [
          0.99841505,
          2.1315653e-08,
          0.056278914,
          0,
          0.05287996,
          0.34225968,
          -0.9381162,
          0,
          -0.019262005,
          0.9396054,
          0.34171733,
          0,
          -0.043118164,
          0.4832269,
          0.23040426,
          1
        ]
      },
      {
        "date" : 742225648.539483,
        "title" : "Untitled",
        "transform" : [
          0.99841505,
          2.1315653e-08,
          0.056278914,
          0,
          0.05287996,
          0.34225968,
          -0.9381162,
          0,
          -0.019262005,
          0.9396054,
          0.34171733,
          0,
          -0.042313173,
          0.47170898,
          0.26212,
          1
        ]
      },
      {
        "date" : 742225646.125119,
        "title" : "Untitled",
        "transform" : [
          0.99841505,
          2.1315653e-08,
          0.056278914,
          0,
          0.05287996,
          0.34225968,
          -0.9381162,
          0,
          -0.019262005,
          0.9396054,
          0.34171733,
          0,
          -0.041788455,
          0.446113,
          0.2528112,
          1
        ]
      },
      {
        "date" : 742225279.626555,
        "title" : "Untitled",
        "transform" : [
          0.99841505,
          2.1315653e-08,
          0.056278914,
          0,
          0.05287996,
          0.34225968,
          -0.9381162,
          0,
          -0.019262005,
          0.9396054,
          0.34171733,
          0,
          -0.07851595,
          0.5208483,
          0.42794618,
          1
        ]
      },
      {
        "date" : 742225274.842917,
        "title" : "Untitled",
        "transform" : [
          0.99841505,
          2.1315653e-08,
          0.056278914,
          0,
          0.05287996,
          0.34225968,
          -0.9381162,
          0,
          -0.019262005,
          0.9396054,
          0.34171733,
          0,
          -0.07148391,
          0.52708834,
          0.41118428,
          1
        ]
      }
    ]
  },
  "selectedSceneRelativePath" : "Immersive.usda"
}