{
  "advancedEditorSelectedIdentifier" : "ProjectBrowser",
  "openSceneRelativePaths" : [
    "Immersive.usda"
  ],
  "recentIdentifiers" : {
    "AF09ED6F-1707-48FD-8720-65B998362C09" : [

    ]
  },
  "sceneCameraHistory" : {
    "AF09ED6F-1707-48FD-8720-65B998362C09" : [
      {
        "date" : 742173145.774894,
        "title" : "Untitled",
        "transform" : [
          0.9985564,
          -4.6162563e-10,
          0.053714976,
          0,
          0.022356544,
          0.90927,
          -0.41560605,
          0,
          -0.04884141,
          0.41620693,
          0.90795726,
          0,
          -0.0067357733,
          0.05710148,
          0.14969519,
          1
        ]
      },
      {
        "date" : 742136912.104907,
        "title" : "Untitled",
        "transform" : [
          0.9985564,
          -4.6162563e-10,
          0.053714976,
          0,
          0.022356544,
          0.90927,
          -0.41560605,
          0,
          -0.04884141,
          0.41620693,
          0.90795726,
          0,
          -0.0068486636,
          0.058058493,
          0.15220407,
          1
        ]
      },
      {
        "date" : 742136909.051904,
        "title" : "Untitled",
        "transform" : [
          0.9985562,
          -6.7312156e-11,
          0.05371496,
          0,
          0.022356538,
          0.9092699,
          -0.41560605,
          0,
          -0.048841402,
          0.41620693,
          0.90795726,
          0,
          -0.016704071,
          0.40495187,
          0.34048435,
          1
        ]
      },
      {
        "date" : 742134629.363353,
        "title" : "Untitled",
        "transform" : [
          0.99999076,
          2.7448377e-11,
          0.0042991405,
          0,
          0.0014482597,
          0.9415505,
          -0.33686882,
          0,
          -0.0040478576,
          0.33687192,
          0.9415418,
          0,
          0,
          0.37429574,
          0.37429577,
          1
        ]
      }
    ]
  },
  "sceneViewportBackgroundColors" : {

  }
}