{
  "advancedEditorSelectedIdentifier" : "ProjectBrowser",
  "openSceneRelativePaths" : [
    "Immersive.usda"
  ],
  "recentIdentifiers" : {
    "AF09ED6F-1707-48FD-8720-65B998362C09" : [

    ]
  },
  "sceneCameraHistory" : {
    "AF09ED6F-1707-48FD-8720-65B998362C09" : [
      {
        "date" : 742218709.709108,
        "title" : "Untitled",
        "transform" : [
          0.85663813,
          -1.6159133e-08,
          0.51591766,
          0,
          0.11765794,
          0.9736481,
          -0.19536105,
          0,
          -0.50232255,
          0.22805548,
          0.83406395,
          0,
          -0.45326805,
          0.4889959,
          0.40449086,
          1
        ]
      },
      {
        "date" : 742218610.028286,
        "title" : "Untitled",
        "transform" : [
          0.85663813,
          -1.6159133e-08,
          0.51591766,
          0,
          0.11765794,
          0.9736481,
          -0.19536105,
          0,
          -0.50232255,
          0.22805548,
          0.83406395,
          0,
          -0.36320388,
          0.6605185,
          0.41183388,
          1
        ]
      },
      {
        "date" : 742218538.431105,
        "title" : "Untitled",
        "transform" : [
          0.85663813,
          -1.6159133e-08,
          0.51591766,
          0,
          0.11765794,
          0.9736481,
          -0.19536105,
          0,
          -0.50232255,
          0.22805548,
          0.83406395,
          0,
          -0.45534527,
          0.50211775,
          0.39965189,
          1
        ]
      },
      {
        "date" : 742218533.440176,
        "title" : "Untitled",
        "transform" : [
          0.8541882,
          -1.6159133e-08,
          0.519964,
          0,
          0.11858072,
          0.9736481,
          -0.19480231,
          0,
          -0.50626224,
          0.22805548,
          0.83167857,
          0,
          -0.40686518,
          0.5040428,
          0.3520373,
          1
        ]
      },
      {
        "date" : 742218529.445966,
        "title" : "Untitled",
        "transform" : [
          0.8743639,
          -1.5812006e-08,
          0.48527053,
          0,
          0.103745885,
          0.97687984,
          -0.18692996,
          0,
          -0.47405124,
          0.21378957,
          0.8541484,
          0,
          -0.3557932,
          0.48400185,
          0.37359273,
          1
        ]
      },
      {
        "date" : 742218522.204405,
        "title" : "Untitled",
        "transform" : [
          0.87436396,
          -1.6963131e-08,
          0.48527053,
          0,
          0.078558266,
          0.9868096,
          -0.14154673,
          0,
          -0.47886992,
          0.16188529,
          0.86283064,
          0,
          -0.36727,
          0.41075864,
          0.3942716,
          1
        ]
      },
      {
        "date" : 742218517.520951,
        "title" : "Untitled",
        "transform" : [
          0.87436396,
          -1.6963131e-08,
          0.48527053,
          0,
          0.078558266,
          0.9868096,
          -0.14154673,
          0,
          -0.47886992,
          0.16188529,
          0.86283064,
          0,
          -0.34137583,
          0.44208822,
          0.33100224,
          1
        ]
      },
      {
        "date" : 742218509.603376,
        "title" : "Untitled",
        "transform" : [
          0.87436396,
          -1.6963131e-08,
          0.48527053,
          0,
          0.07855826,
          0.9868095,
          -0.14154671,
          0,
          -0.47886992,
          0.16188529,
          0.86283064,
          0,
          -0.34017956,
          0.4952918,
          0.32168436,
          1
        ]
      },
      {
        "date" : 742218504.369807,
        "title" : "Untitled",
        "transform" : [
          0.889235,
          -1.4349019e-08,
          0.4574505,
          0,
          0.045057192,
          0.9951374,
          -0.087586254,
          0,
          -0.45522642,
          0.09849613,
          0.88491094,
          0,
          -0.3115661,
          0.40988445,
          0.3575003,
          1
        ]
      },
      {
        "date" : 742218494.286408,
        "title" : "Untitled",
        "transform" : [
          0.889235,
          -1.4349019e-08,
          0.4574505,
          0,
          0.045057192,
          0.9951374,
          -0.087586254,
          0,
          -0.45522642,
          0.09849613,
          0.88491094,
          0,
          -0.46339217,
          0.4543553,
          0.64455926,
          1
        ]
      }
    ]
  },
  "sceneViewportBackgroundColors" : {

  },
  "selectedSceneRelativePath" : "Immersive.usda"
}