{
  "advancedEditorSelectedIdentifier" : "ProjectBrowser",
  "openSceneRelativePaths" : [
    "Immersive.usda"
  ],
  "recentIdentifiers" : {
    "AF09ED6F-1707-48FD-8720-65B998362C09" : [

    ]
  },
  "sceneCameraHistory" : {
    "AF09ED6F-1707-48FD-8720-65B998362C09" : [
      {
        "date" : 742042892.865882,
        "title" : "Untitled",
        "transform" : [
          0.90606934,
          7.4110087e-09,
          -0.4231292,
          0,
          -0.10166885,
          0.970704,
          -0.21770898,
          0,
          0.41073322,
          0.24027848,
          0.8795252,
          0,
          0.8139985,
          0.9246917,
          0.8593856,
          1
        ]
      },
      {
        "date" : 742042885.383655,
        "title" : "Untitled",
        "transform" : [
          0.90606934,
          7.4110087e-09,
          -0.4231292,
          0,
          -0.10166885,
          0.970704,
          -0.21770898,
          0,
          0.41073322,
          0.24027848,
          0.8795252,
          0,
          1.4862063,
          1.3179317,
          2.2988205,
          1
        ]
      },
      {
        "date" : 742042882.423012,
        "title" : "Untitled",
        "transform" : [
          0.90606934,
          7.4110087e-09,
          -0.4231292,
          0,
          -0.10166885,
          0.970704,
          -0.21770898,
          0,
          0.41073322,
          0.24027848,
          0.8795252,
          0,
          0.5003492,
          1.6555294,
          -0.6085153,
          1
        ]
      },
      {
        "date" : 742041453.0649,
        "title" : "Untitled",
        "transform" : [
          0.90606934,
          7.4110087e-09,
          -0.4231292,
          0,
          -0.10166885,
          0.970704,
          -0.21770898,
          0,
          0.41073322,
          0.24027848,
          0.8795252,
          0,
          0.2222211,
          1.569076,
          -0.9373029,
          1
        ]
      },
      {
        "date" : 742038572.802706,
        "title" : "Untitled",
        "transform" : [
          0.90606934,
          7.4110087e-09,
          -0.4231292,
          0,
          -0.10166885,
          0.970704,
          -0.21770898,
          0,
          0.41073322,
          0.24027848,
          0.8795252,
          0,
          0.21165122,
          1.5657903,
          -0.94979805,
          1
        ]
      },
      {
        "date" : 742038570.788245,
        "title" : "Untitled",
        "transform" : [
          0.90606934,
          7.4110087e-09,
          -0.4231292,
          0,
          -0.10166885,
          0.970704,
          -0.21770898,
          0,
          0.41073322,
          0.24027848,
          0.8795252,
          0,
          0.12032348,
          1.5570208,
          -0.91285586,
          1
        ]
      },
      {
        "date" : 742038312.652647,
        "title" : "Untitled",
        "transform" : [
          0.90606934,
          1.1046033e-09,
          -0.42312923,
          0,
          -0.10166887,
          0.970704,
          -0.21770899,
          0,
          0.41073325,
          0.24027856,
          0.8795251,
          0,
          0.9866693,
          1.0172945,
          0.8485942,
          1
        ]
      },
      {
        "date" : 742038267.651313,
        "title" : "Untitled",
        "transform" : [
          0.90606934,
          1.1046033e-09,
          -0.42312923,
          0,
          -0.10166887,
          0.970704,
          -0.21770899,
          0,
          0.41073325,
          0.24027856,
          0.8795251,
          0,
          0.91608405,
          0.97249115,
          0.8937967,
          1
        ]
      },
      {
        "date" : 742038241.723259,
        "title" : "Untitled",
        "transform" : [
          0.90606934,
          1.1046033e-09,
          -0.42312923,
          0,
          -0.10166887,
          0.970704,
          -0.21770899,
          0,
          0.41073325,
          0.24027856,
          0.8795251,
          0,
          0.85386497,
          0.9073349,
          0.63586175,
          1
        ]
      },
      {
        "date" : 742038240.082576,
        "title" : "Untitled",
        "transform" : [
          0.90606934,
          1.1046033e-09,
          -0.42312923,
          0,
          -0.10166887,
          0.970704,
          -0.21770899,
          0,
          0.41073325,
          0.24027856,
          0.8795251,
          0,
          0.8674341,
          0.8979167,
          0.6650359,
          1
        ]
      }
    ]
  }
}